9801
9801
9801
4905
3785
4281
4281
3819
3819
2579
2579
2579
633
341
341
121
877
1907
1907
1907
827
699
1059
341
341
549
789
813
781
459
459
459
355
355
745
829
829
829
777
777
125
253
209
209
209
545
1849
1529
1813
1813
2029
1117
953
953
1073
995
811
363
363
689
493
493
485
613
613
1361
1385
1385
1205
1205
1205
971
1045
821
675
675
675
701
317
317
501
261
261
261
261
457
457
261
261
545
533
869
869
869
809
497
777
777
777
705
741
85
161
161
185
65
121
121
121
121
121
121
121
121
61
61
61
61
61
105
61
129
129
465
465
555
793
445
539
539
203
43
43
43
43
43
43
41
129
129
433
739
609
609
609
609
779
901
561
377
557
531
397
353
321
603
293
293
525
251
457
461
441
441
125
125
179
189
189
293
357
357
357
357
357
357
531
219
219
219
219
285
421
417
429
549
549
305
305
305
257
329
315
219
219
129
147
147
147
147
147
147
147
201
201
201
201
201
201
201
201
201
201
201
201
201
201
201
193
193
193
193
65
65
65
5
105
321
165
165
165
165
165
381
393
393
649
435
435
435
435
435
641
845
461
461
1013
1097
593
593
245
329
341
257
437
437
437
437
229
243
419
419
419
251
131
11
125
77
65
51
41
89
261
321
393
393
77
77
77
77
77
77
77
101
101
157
157
43
43
43
157
209
179
179
179
179
521
521
227
227
387
75
75
61
377
377
217
29
45
77
77
77
273
273
403
403
459
315
321
321
321
321
321
321
321
321
321
93
93
77
77
99
65
65
77
161
161
67
89
149
77
107
107
107
107
107
107
297
297
297
425
425
417
417
417
417
221
203
203
203
203
201
201
201
201
201
201
163
163
163
163
217
217
217
217
73
73
73
73
209
213
213
225
225
145
35
35
35
41
149
59
59
107
107
353
353
353
441
233
413
381
69
69
107
107
107
107
153
201
201
201
201
201
201
201
201
201
201
201
101
101
101
101
101
101
101
189
189
189
189
121
121
153
161
161
473
265
225
269
357
363
545
171
315
315
515
201
201
201
201
381
379
379
329
329
329
329
333
221
221
221
221
221
221
221
221
221
221
221
221
221
221
221
299
235
235
235
219
51
51
51
51
99
99
203
539
525
525
525
525
525
417
417
181
181
181
181
289
289
289
289
289
341
341
265
405
405
341
341
341
341
341
325
325
341
189
265
489
489
489
489
649
833
833
371
195
313
313
445
445
261
261
261
261
241
201
157
157
157
157
157
149
149
149
149
149
149
149
45
45
171
19
21
21
17
41
41
41
77
161
233
233
177
177
209
209
209
233
233
233
233
233
261
209
275
301
113
113
113
113
101
99
99
99
53
53
53
53
53
53
53
53
65
161
221
221
205
205
481
481
337
281
145
275
275
275
297
301
341
393
371
411
411
299
585
233
233
453
453
291
291
291
451
451
571
217
217
217
217
217
217
457
405
405
329
329
329
411
411
491
491
491
491
491
437
437
101
101
101
101
101
81
41
13
245
259
121
121
121
121
121
185
185
185
219
219
219
219
219
195
195
195
195
321
321
285
285
325
325
433
433
433
433
433
477
477
531
341
341
341
341
379
379
665
665
621
621
621
621
621
621
621
587
587
587
587
587
587
587
555
619
619
619
659
659
659
659
659
329
329
329
329
427
187
345
345
345
345
345
269
285
285
285
321
321
321
305
233
233
181
125
125
125
125
185
185
341
353
9
9
89
89
221
221
89
83
65
65
65
65
65
117
219
171
171
171
171
171
187
187
205
205
205
205
201
201
205
205
205
281
281
281
245
245
245
245
245
141
155
229
229
229
195
195
195
195
69
45
21
21
21
21
21
21
53
53
53
53
53
53
61
61
61
61
61
61
61
61
61
61
61
101
165
165
165
165
165
145
145
145
41
41
113
113
129
105
105
105
105
93
93
121
121
121
81
81
81
53
53
59
59
59
139
139
99
89
89
113
113
113
293
299
355
355
355
195
195
171
131
131
261
177
177
177
177
177
177
177
177
91
91
109
109
109
109
109
125
125
125
125
205
285
285
285
285
285
181
181
181
181
181
133
59
59
59
59
59
107
107
219
219
219
219
219
219
219
211
249
137
137
137
137
41
17
17
17
17
17
17
17
17
17
17
17
17
17
17
17
17
33
33
33
33
33
33
73
73
73
73
73
33
33
33
33
33
33
33
33
33
33
33
33
33
33
33
33
33
21
21
21
21
21
91
91
91
77
77
77
77
77
77
77
77
77
77
77
77
77
65
65
65
37
37
37
37
53
53
53
53
53
