-18.9
-27.3
-30.1
-25.2
-27.3
-26.6
-25.9
-30.1
-34.3
-35.7
-32.2
-32.9
-35
-33.6
-34.3
-37.1
-28
-30.8
-28.7
-31.5
-32.2
-32.9
-33.6
-26.6
-28.7
-20.3
-28.7
-29.4
-29.4
-33.6
-25.9
-28.7
-31.5
-30.8
-29.4
-35
-38.5
-35
-35.7
-33.6
-33.6
-32.9
-36.4
-35
-36.4
-33.6
-28
-25.9
-24.5
-30.8
-26.6
-26.6
-28.7
-31.5
-30.8
-30.8
-29.4
-35
-30.1
-29.4
-28.7
-30.8
-28.7
-29.4
-23.8
-31.5
-40.6
-32.2
-25.2
-27.3
-25.9
-25.2
-32.9
-30.1
-32.2
-34.3
-30.8
-37.1
-37.1
-40.6
-35.7
-30.1
-32.9
-35
-35.7
-32.2
-30.8
-32.9
-37.1
-25.9
-30.8
-34.3
-27.3
-31.5
-27.3
-27.3
-29.4
-34.3
-26.6
-29.4
-28.7
-34.3
-35
-42.7
-29.4
-35.7
-41.3
-43.4
-34.3
-39.2
-30.1
-20.3
-23.1
-29.4
-28
-30.8
-38.5
-39.2
-30.1
-31.5
-33.6
-33.6
-32.2
-30.1
-28.7
-31.5
-30.1
-28
-34.3
-31.5
-34.3
-32.2
-36.4
-35.7
-35.7
-32.2
-41.3
-39.9
-38.5
-28.7
-28.7
-25.2
-24.5
-35.7
-29.4
-31.5
-34.3
-37.8
-35
-31.5
-31.5
-27.3
-30.1
-29.4
-38.5
-33.6
-39.2
-35
-37.1
-34.3
-34.3
-31.5
-37.1
-35.7
-31.5
-33.6
-32.2
-33.6
-33.6
-30.1
-38.5
-35
-35.7
-35
-36.4
-32.9
-40.6
-34.3
-34.3
-39.2
-41.3
-28.7
-32.2
-33.6
-35.7
-37.8
-37.1
-36.4
-42.7
-39.2
-44.8
-37.1
-39.2
-39.9
-33.6
-30.8
-41.3
-44.1
-51.1
-38.5
-36.4
-38.5
-42
-39.9
-40.6
-42
-35.7
-38.5
-39.2
-38.5
-32.2
-36.4
-35
-39.9
-30.8
-28.7
-31.5
-35
-30.8
-30.1
-30.8
-28.7
-34.3
-43.4
-44.1
-38.5
-36.4
-36.4
-34.3
-32.9
-31.5
-29.4
-36.4
-33.6
-32.9
-36.4
-39.2
-30.1
-35.7
-31.5
-34.3
-33.6
-44.1
-39.2
-40.6
-32.9
-29.4
-32.9
-35
-42.7
-43.4
-44.8
-38.5
-29.4
-31.5
-39.2
-37.8
-30.1
-28
-30.8
-32.9
-37.1
-35.7
-33.6
-22.4
-25.2
-35
-35.7
-38.5
-42
-34.3
-32.2
-42
-32.9
-33.6
-36.4
-34.3
-29.4
-30.8
-37.1
-33.6
-37.8
-38.5
-39.2
-37.1
-42.7
-37.1
-34.3
-34.3
-36.4
-33.6
-37.8
-36.4
-36.4
-31.5
-29.4
-32.9
-37.1
-38.5
-37.1
-33.6
-42.7
-37.8
-31.5
-31.5
-23.8
-32.2
-37.1
-27.3
-30.1
-33.6
-39.9
-36.4
-41.3
-46.9
-39.2
-46.2
-39.9
-42
-36.4
-47.6
-44.1
-40.6
-39.2
-46.2
-53.9
-49
-39.8999
-41.9999
-39.2
-31.5
-37.1
-46.2
-53.9
-44.7999
-39.9
-44.1
-47.6
-43.4
-44.8
-41.3
-39.9
-41.3
-46.2
-49
-46.9
-42
-43.4
-45.5
-43.4
-49
-41.3
-41.3
-37.8
-39.2
-40.6
-44.1
-42
-48.3
-52.5
-46.9
-46.2
-49
-44.8
-39.9
-44.1
-46.2
-47.6
-49
-42.7
-47.6
-44.0999
-47.6
-41.9999
-37.7999
-33.6
-39.2
-46.2
-45.5
-48.3
-47.6
-46.8999
-43.4
-46.2
-42.7
-42
-39.9
-39.9
-37.8
-42.7
-32.2
-44.1
-41.3
-44.8
-49
-46.2
-52.5
-41.9999
-31.5
-31.5
-42
-41.3
-52.5
-48.2999
-55.2999
-57.3999
-50.3999
-37.7999
-37.8
-40.6
-42.7
-43.4
-46.2
-42.7
-41.3
-44.1
-46.9
-44.8
-53.9
-40.5999
-42.6999
-47.5999
-39.1999
-37.7999
-37.7999
-34.9999
-47.6
-36.4
-36.4
-42.7
-37.1
-39.2
-33.6
-36.4
-38.5
-43.4
-35
-48.3
-39.9
-39.2
-35
-32.2
-33.6
-35
-40.6
-40.6
-34.3
-37.1
-44.8
-44.1
-46.9
-54.6
-50.3999
-57.3999
-55.9999
-53.8999
-53.8999
-58.0999
-62.2999
-66.4999
-60.1999
-55.9999
-59.4999
-64.3999
-47.5999
-48.2999
-44.0999
-51.7999
-41.2999
-41.9999
-42.6999
-41.9999
-32.8999
-41.3
-40.6
-42
-42.7
-47.6
-51.1
-53.2
-48.3
-46.2
-40.6
-41.3
-41.3
-37.1
-40.6
-46.9
-48.3
-51.8
-46.2
-53.9
-56.7
-56.6999
-53.1999
-51.7999
-48.9999
-46.8999
-37.7999
-45.4999
-38.4999
-55.2999
-49.6999
-52.4999
-60.8999
-56.6999
-52.4999
-56.6999
-49.6999
-47.5999
-44.0999
-50.3999
-51.1
-57.4
-44.7999
-46.2
-50.4
-44.0999
-46.9
-53.2
-46.2
-39.2
-46.9
-46.2
-47.6
-49.7
-44.7999
-37.7999
-47.6
-46.2
-47.6
-48.9999
-48.2999
-41.9999
-43.4
-41.3
-39.9
-39.2
-46.9
-39.9
-44.8
-42
-46.9
-44.8
-46.2
-45.5
-49.7
-43.4
-51.8
-49.7
-43.3999
-49
-44.7999
-51.0999
-50.3999
-48.2999
-46.8999
-44.1
-54.6
-46.1999
-39.2
-35.7
-35.7
-41.3
-35
-42.7
-42.7
-44.8
-40.6
-46.9
-39.9
-35
-44.8
-39.2
-46.9
-49
-46.2
-41.2999
-40.5999
-39.1999
-36.4
-44.8
-39.9
-35.7
-35.7
-39.2
-39.2
-43.4
-44.8
-45.5
-38.5
-42
-38.5
-34.3
-39.9
-37.8
-39.2
-39.2
-41.3
-44.1
-42.7
-41.3
-45.5
-47.6
-48.3
-42
-44.1
-42
-43.4
-46.9
-40.6
-36.4
-39.9
-49
-46.1999
-45.5
-43.4
-36.4
-43.4
-47.6
-38.5
-39.2
-32.9
-37.1
-38.5
-30.1
-30.1
-31.5
-39.9
-35
-44.1
-36.4
-41.3
-32.2
-36.4
-44.8
-51.8
-42.6999
-49.6999
-42.6999
-35.6999
-34.9999
-38.4999
-32.2
-42.7
-45.5
-42
-38.5
-47.6
-42
-37.8
-36.4
-42.7
-42
-37.8
-37.8
-37.1
-36.4
-33.6
-42
-49
-43.3999
-38.5
-51.8
-49.6999
-48.2999
-41.9999
-39.8999
-41.9999
-37.8
-39.9
-41.3
-42.7
-51.1
-44.8
-44.8
-37.1
-41.3
-37.8
-43.4
-50.4
-48.3
-38.5
-41.3
-40.6
-44.1
-44.8
-42.7
-40.6
-46.9
-55.3
-55.9999
-44.0999
-40.6
-50.4
-41.2999
-43.3999
-38.4999
-41.2999
-40.5999
-44.0999
-44.0999
-39.9
-40.6
-48.3
-53.9
-47.6
-44.1
-46.9
-42.7
-37.1
-44.8
-45.5
-46.2
-48.3
-49.7
-40.6
-34.3
-42.7
-39.9
-39.2
-43.4
-37.8
-34.3
-45.5
-46.9
-47.6
-49
-46.9001
-42.7
-44.1
-42
-44.8
-44.1
-45.5
-41.3
-37.1
-35.7
-39.2
-35.7
-44.1
-49.7
-54.6
-53.2
-42.6999
-45.4999
-53.2
-48.9999
-55.3
-39.8999
-46.2
-41.3
-35.7
-41.3
-47.6
-40.6
-40.6
-39.2
-44.8
-47.6
-43.4
-36.4
-38.5
-51.1
-47.6
-47.6
-46.9
-45.5
-44.1
-47.6
-51.8
-46.2
-39.9
-44.1
-37.1
-39.9
-42.7
-44.1
-39.9
-46.9
-47.6
-40.6
-48.3
-45.5
-44.7999
-50.4
-44.1
-29.4
-32.9
-35
-38.5
-42
-37.8
-40.6
-37.1
-42.7
-42
-44.8
-43.4
-49.7
-38.5
-43.4
-44.1
-49
-51.0999
-52.5
-48.2999
-49
-49.7
-53.9
-51.0999
-48.2999
-53.8999
-44.0999
-47.5999
-54.5999
-51.7999
-48.2999
-46.1999
-43.3999
-36.3999
-44.1
-41.3
-54.6
-45.5
-51.8
-53.2
-40.5999
-43.3999
-39.8999
-39.9
-46.2
-39.2
-41.3
-44.1
-43.4
-46.2
-42
-47.6
-53.9
-41.3
-46.9
-48.3
-37.1
-39.2
-44.8
-49
-41.9999
-46.8999
-50.4
-49.6999
-44.0999
-44.8
-38.5
-37.1
-39.9
-40.6
-49
-50.4
-48.3
-44.7999
-42.7
-42.7
-51.8
-55.3
-46.8999
-46.1999
-39.2
-43.4
-60.9
-49.6999
-40.5999
-44.0999
-53.8999
-43.3999
-40.5999
-40.5999
-40.5999
-41.9999
-50.4
-52.5
-39.8999
-43.4
-41.3
-44.1
-43.4
-49
-49.7
-49.7
-49.7
-51.7999
-39.8999
-55.2999
-53.8999
-50.3999
-39.8999
-46.2
-51.8
-46.2
-47.6
-45.5
-50.4
-52.5
-56
-48.2999
-41.9999
-42.6999
-39.9
-39.9
-45.5
-56.7
-49.7
-44.8
-49.7
-53.2
-51.1
-53.1999
-53.8999
-51.7999
-48.2999
-44.7999
-52.4999
-54.5999
-60.8999
-47.5999
-60.8999
-59.4999
-59.4999
-47.5999
-48.9999
-56.6999
-41.9999
-53.8999
-44.0999
-45.4999
-49.6999
-48.2999
-46.8999
-48.9999
-46.8999
-42.7
-55.2999
-53.8999
-53.8999
-60.9
-58.7999
-53.1999
-46.1999
-52.4999
-54.5999
-46.1999
-48.2999
-46.9
-47.6
-51.1
-49
-53.2
-53.2
-46.9
-49
-49
-49
-43.3999
-56.7
-49.7
-52.5
-49
-44.8
-45.5
-56
-49
-49
-51.0999
-48.2999
-51.7999
-71.4
-55.2999
-57.3999
-45.4999
-49
-51.1
-47.6
-55.3
-50.4
-48.3
-53.9
-51.8
-56
-52.4999
-42.6999
-49.6999
-48.2999
-46.8999
-52.4999
-52.4999
-44.0999
-49
-42.6999
-46.1999
-48.3
