0 0 0 
1 0 0 
2 0 0 
3 0 0 
4 0 0 
4 -1 0 
4 -2 0 
4 -3 0 
4 -4 0 
4 -5 0 
4 -6 0 
4 -7 0 
4 -8 0 
4 -9 0 
4 -10 0 
4 -11 0 
4 -12 0 
4 -13 0 
4 -14 0 
4 -15 0 
4 -16 0 
4 -17 0 
4 -18 0 
4 -19 0 
4 -20 0 
4 -21 0 
4 -22 0 
4 -23 0 
4 -24 0 
5 -24 0 
6 -24 0 
7 -24 0 
8 -24 0 
9 -24 0 
10 -24 0 
10 -24 1 
9 -24 1 
8 -24 1 
7 -24 1 
6 -24 1 
5 -24 1 
4 -24 1 
3 -24 1 
2 -24 1 
1 -24 1 
0 -24 1 
-1 -24 1 
-2 -24 1 
-3 -24 1 
-4 -24 1 
-5 -24 1 
-6 -24 1 
-7 -24 1 
-8 -24 1 
-9 -24 1 
-9 -23 1 
-9 -22 1 
-9 -21 1 
-9 -20 1 
-9 -19 1 
-9 -18 1 
-9 -17 1 
-9 -16 1 
-9 -15 1 
-9 -14 1 
-9 -14 2 
-9 -14 3 
-9 -14 4 
-9 -14 5 
-9 -14 6 
-9 -14 7 
-9 -14 8 
-9 -14 9 
-9 -14 10 
-9 -14 11 
-9 -14 12 
-9 -14 13 
-9 -14 14 
-9 -14 15 
-9 -14 16 
-9 -14 17 
-9 -14 18 
-9 -14 19 
-8 -14 19 
-7 -14 19 
-6 -14 19 
-5 -14 19 
-4 -14 19 
-3 -14 19 
-2 -14 19 
-1 -14 19 
0 -14 19 
1 -14 19 
2 -14 19 
3 -14 19 
4 -14 19 
5 -14 19 
5 -14 18 
5 -14 17 
5 -14 16 
5 -14 15 
5 -15 15 
5 -15 14 
5 -15 13 
5 -15 12 
5 -15 11 
5 -15 10 
5 -15 9 
5 -15 8 
5 -15 7 
5 -15 6 
5 -15 5 
5 -15 4 
5 -15 3 
5 -15 2 
5 -15 1 
5 -15 0 
5 -15 -1 
5 -15 -2 
5 -15 -3 
5 -15 -4 
5 -15 -5 
5 -15 -6 
5 -15 -7 
5 -15 -8 
5 -15 -9 
5 -15 -10 
4 -15 -10 
3 -15 -10 
2 -15 -10 
1 -15 -10 
0 -15 -10 
-1 -15 -10 
-2 -15 -10 
-3 -15 -10 
-4 -15 -10 
-4 -15 -9 
-4 -15 -8 
-4 -15 -7 
-4 -15 -6 
-4 -15 -5 
-4 -15 -4 
-4 -15 -3 
-4 -15 -2 
-4 -15 -1 
-4 -15 0 
-4 -15 1 
-4 -15 2 
-4 -15 3 
-4 -15 4 
-4 -15 5 
-4 -15 6 
-4 -15 7 
-4 -15 8 
-4 -15 9 
-4 -15 10 
-4 -15 11 
-4 -14 11 
-4 -13 11 
-4 -12 11 
-4 -11 11 
-4 -10 11 
-4 -9 11 
-4 -8 11 
-4 -7 11 
-4 -6 11 
-5 -6 11 
-6 -6 11 
-7 -6 11 
-8 -6 11 
-8 -5 11 
-8 -4 11 
-8 -3 11 
-8 -2 11 
-8 -1 11 
-8 0 11 
-8 1 11 
-8 2 11 
-8 3 11 
-8 3 12 
-8 3 13 
-8 3 14 
-8 3 15 
-8 3 16 
-8 3 17 
-8 3 18 
-8 3 19 
-8 3 20 
-8 3 21 
-9 3 21 
-10 3 21 
-11 3 21 
-12 3 21 
-13 3 21 
-14 3 21 
-15 3 21 
-16 3 21 
-17 3 21 
-17 4 21 
-16 4 21 
-15 4 21 
-14 4 21 
-13 4 21 
-12 4 21 
-11 4 21 
-10 4 21 
-9 4 21 
-8 4 21 
-7 4 21 
-6 4 21 
-5 4 21 
-4 4 21 
-3 4 21 
-2 4 21 
-1 4 21 
0 4 21 
1 4 21 
2 4 21 
3 4 21 
4 4 21 
5 4 21 
6 4 21 
7 4 21 
8 4 21 
9 4 21 
10 4 21 
11 4 21 
12 4 21 
13 4 21 
14 4 21 
15 4 21 
16 4 21 
17 4 21 
18 4 21 
19 4 21 
20 4 21 
21 4 21 
22 4 21 
23 4 21 
24 4 21 
25 4 21 
26 4 21 
27 4 21 
28 4 21 
29 4 21 
30 4 21 
31 4 21 
32 4 21 
33 4 21 
34 4 21 
35 4 21 
36 4 21 
37 4 21 
38 4 21 
39 4 21 
40 4 21 
41 4 21 
42 4 21 
43 4 21 
44 4 21 
45 4 21 
46 4 21 
47 4 21 
48 4 21 
49 4 21 
50 4 21 
51 4 21 
52 4 21 
53 4 21 
54 4 21 
55 4 21 
55 4 22 
55 4 23 
55 4 24 
55 4 25 
55 4 26 
55 4 27 
55 4 28 
55 4 29 
55 4 30 
55 4 31 
55 4 32 
55 4 33 
55 3 33 
55 2 33 
55 1 33 
55 0 33 
55 -1 33 
55 -2 33 
55 -3 33 
55 -4 33 
55 -5 33 
55 -6 33 
55 -7 33 
55 -8 33 
55 -9 33 
55 -10 33 
55 -11 33 
55 -12 33 
54 -12 33 
53 -12 33 
52 -12 33 
51 -12 33 
50 -12 33 
49 -12 33 
48 -12 33 
47 -12 33 
46 -12 33 
45 -12 33 
44 -12 33 
43 -12 33 
42 -12 33 
42 -13 33 
42 -14 33 
42 -15 33 
42 -16 33 
42 -17 33 
42 -18 33 
42 -19 33 
42 -20 33 
42 -21 33 
42 -22 33 
42 -22 32 
42 -22 31 
42 -22 30 
42 -22 29 
42 -22 28 
42 -22 27 
42 -22 26 
42 -22 25 
42 -22 24 
42 -22 23 
42 -22 22 
